55 1 9 5
74 6 84 5 5 1 9 5
7 5 3
2 44 6 82 4 6 84 6 83 1 9 5
7 5 3
2 42 4 5
5 1 9 5
7 52 4 6 84 3
2 4  6 84 6 84 6 2 4 6 84 6 8 6 8
5 1 9 5
7 5 3
22 4 6 85 3
5 1 9 5
7 1 9 5
7 5 32 4 6 84
2 4 6 85 1 9 52 4 6 84 6 8 6 8
5 1 9 5
74 6 84 5 3
2 44 6 82 4 6 84 55 3
2 4 6 82 45 1 9 5 6 84 6 8 6 8
5 1 9 5
72 4 6 84 5 3
2 42 4 6 85 3
5 1 9 5
7 1 9 5
7 5 3
2 4 6 82 4 6 84 6 8 6 8
5 11 9 5
7 1 9 5
7 5 3
2 4 6 82 4 6 84 6 8 6 8
5 1 9 5
75 3 5 3
2 4 55 3
2 4 6 82 4 6 85 1 9 54 6 8 6 8
5 1 9 5
75 3 5 3
2 4 55 3
2 41 9 5
7 1 9 5
7 5 3
2 4 6 82 4 6 84 6 8 6 8
5 1 9 5
75 3 5 3
2 4 55 3
2 4 6 82 4 6 85 1 9 54 6 8 6 8
5 1 6 82 4 6 85 1 9 54 6 8 6 8
5 1 9 5
7 5 3
2 4 5 1 9 5
7 58 5 1 3
2 4 6 86 85 1 9 5
7 5 383 1 9
2 4 6 8 5 1 9 5
7 5 38 5 1
2 49 5
7 5 3
2 4 6 825 65 1 9 5 86 85 1 9 5
7 59 5
7 5 3
2 4 6 825 3
2 4 6 82 4 5
5 1 9 5
7 83 1 95 3
26 8 6 8 4  4 5
5 1 9 5
7 5 3
2 4 6 825 1 9 5 4 6 8 1 9 5
7 5 1 9 5
7 5 3
2 44 6 82 4 6 84 6 85 3
2 45 1 9 5
7 5 3 1 9 5
78 5 1 5 3
2 4 6 82 4 6 84 6 8 6 8
5 1 9 5
7 5 3
24 6 82 4 6 84 4 5
2 5 1 9 5
7 52 4 6 85 3
5 1 9 5
74 6 84 1 9 5
7 5 3
2 4 6 82 4 6 84 6 8 6 8
5 1 9 5
784 6 8 6 5 3
2 4 55 3
2 4 6 82 4 6 84 6 8 6 8
5 1 9 5
7 584 6 8 6 3
2 4 5 1 9 5
7 5 384 6 8 6
2 4 6 86 85 1 9 5
7 5 3
2 4 6 8 1 9 5
74 6 84 5 3
2 4 6 85 3
54 6 84 1 9 5
7 1 9 5
7 4 6 8 5 384 6 8 6
2 4 6 82 4 6 84 6 8 6 8
5 1 9 5
7 5 3
2 4 55 3
2 4 6 82 4 6 84 6 8 6 8
5 1 9 5
7 5 34 6 8 
2 4 5 1 9 5
78 77 5 34 6 8 
2 4 5 1 9 5
78 77 5 34 6 8 
2 4 5 1 9 5
78 7 5 3 5 3
2 4 6 86 85 1 9 5
4 6 87 5 34 6 8 
2 4 5 1 9 5
78 7 5 3 5 3
2 4 6 86 85 1 9 5
4 6 8 7 7 5 3 5 3
2 4 6 86 85 1 9 5
4 6 87 5 34 6 8 
2 4 5 1 9 5
78 7 5 3 5 3
2 4 6 86 85 1 9 5
4 6 8 7 7 5 3 5 3
2 4 6 86 85 1 9 5
4 6 8 7 5 3
2 4 6 8