["14294317681": 25, 14, 7, 17, 9, 24]
["14294544763": 22, 17, 16, 1, 31, 41]
["14294566239": 44, 41, 23, 18, 25, 7]
["14294809338": 1, 19, 38, 5, 9, 2]
["14294685601": 24, 20, 35, 45, 30, 31]
["14294834583": 14, 39, 35, 9, 18, 29]
["14294337433": 16, 26, 33, 18, 17, 32]
["14294605071": 4, 36, 37, 13, 3, 30]
["14294691520": 21, 12, 11, 9, 17, 38]
["14294669798": 3, 11, 5, 42, 35, 28]
["14294686581": 1, 10, 18, 22, 20, 17]
["14294940237": 33, 19, 6, 1, 3, 40]
["14294549747": 22, 19, 14, 40, 21, 37]
["14294547218": 21, 31, 40, 43, 11, 17]
["14294498420": 33, 15, 39, 9, 13, 7]
["14294148738": 43, 36, 20, 38, 1, 15]
["14294443288": 24, 9, 19, 42, 16, 11]
["14294866237": 32, 34, 42, 37, 4, 23]
["14294812863": 27, 6, 18, 11, 33, 26]
["14294581593": 1, 36, 25, 28, 2, 30]
["14294352971": 37, 13, 19, 4, 7, 28]
["14294623308": 9, 2, 21, 12, 7, 5]
["14294356175": 31, 42, 8, 23, 10, 45]
["14294482525": 28, 8, 37, 12, 40, 10]
["14294671818": 12, 30, 25, 4, 2, 26]
["14294580620": 23, 35, 38, 20, 12, 24]
["14294689727": 9, 36, 18, 24, 16, 15]
["14294946732": 45, 23, 31, 13, 36, 17]
["14294304738": 9, 18, 7, 23, 29, 26]
["14294295470": 33, 10, 45, 19, 37, 12]
["14294998823": 43, 14, 38, 45, 42, 7]
["14294840311": 22, 31, 29, 35, 34, 2]
["14294887094": 9, 4, 26, 31, 44, 16]
["14294539380": 38, 1, 41, 11, 10, 29]
["14294839552": 38, 5, 30, 44, 22, 31]
["14294166424": 25, 13, 11, 20, 16, 24]
["14294444447": 40, 20, 15, 11, 39, 12]
["14294348105": 18, 20, 32, 25, 13, 21]
["14294330974": 2, 22, 8, 15, 12, 19]
["14294128928": 40, 31, 22, 27, 12, 36]
["14294575616": 10, 9, 37, 34, 15, 43]
["14294817488": 23, 7, 16, 20, 33, 31]
["14294974517": 32, 36, 44, 28, 38, 14]
["14294529428": 4, 5, 35, 37, 43, 6]
["14294684250": 31, 13, 41, 25, 6, 8]
["14294600770": 8, 26, 44, 42, 32, 40]
["14294203791": 2, 11, 10, 20, 40, 28]
["14294426929": 30, 31, 1, 28, 40, 13]
["14294319251": 17, 25, 3, 13, 37, 5]
["14294177509": 7, 28, 32, 8, 24, 1]
["14294262821": 43, 25, 22, 31, 3, 23]
["14294910034": 31, 26, 15, 32, 16, 1]
["14294522427": 11, 1, 6, 19, 34, 32]
["14294209678": 36, 25, 42, 24, 5, 30]
["14294394127": 15, 2, 25, 19, 7, 40]
["14294253796": 38, 2, 36, 10, 13, 39]
["14294889913": 19, 27, 8, 9, 32, 23]
["14294967747": 23, 13, 25, 29, 7, 33]
["14294892701": 34, 14, 32, 7, 33, 20]
["14294295265": 20, 31, 16, 42, 7, 23]
["14294703826": 34, 16, 39, 6, 15, 28]
["14294516279": 32, 4, 26, 9, 27, 24]
["14294568704": 9, 36, 18, 45, 28, 39]
["14294682336": 6, 25, 30, 4, 28, 20]
["14294610404": 23, 42, 27, 31, 24, 3]
["14294911365": 7, 11, 18, 30, 26, 39]
["14294320157": 6, 12, 20, 7, 37, 28]
["14294707612": 17, 15, 42, 13, 41, 5]
["14294950594": 34, 13, 8, 30, 45, 17]
["14294476229": 37, 14, 12, 29, 13, 34]
["14294829763": 45, 29, 21, 10, 41, 34]
["14294554660": 6, 44, 37, 40, 34, 27]
["14294710180": 23, 40, 27, 15, 45, 19]
["14294791354": 34, 7, 10, 11, 33, 1]
["14294146480": 29, 17, 39, 41, 25, 5]
["14294656638": 14, 13, 24, 5, 43, 39]
["14294862155": 10, 34, 4, 5, 41, 42]
["14294469607": 5, 14, 15, 18, 17, 29]
["14294895019": 6, 26, 11, 43, 14, 20]
["14294348495": 12, 29, 30, 39, 42, 34]
["14294242595": 31, 28, 22, 10, 45, 17]
["14294499523": 40, 37, 32, 41, 27, 31]
["14294294635": 14, 27, 25, 37, 6, 23]
["14294486497": 9, 33, 15, 39, 26, 8]
["14294136948": 39, 42, 32, 23, 16, 6]
["14294542620": 29, 7, 25, 32, 39, 37]
["14294577473": 5, 10, 32, 31, 6, 20]
["14294218891": 7, 37, 19, 11, 40, 26]
["14294390952": 28, 22, 4, 40, 30, 23]
["14294257992": 40, 13, 7, 14, 41, 9]
["14294842295": 38, 20, 28, 14, 10, 24]
["14294828387": 1, 38, 30, 36, 23, 37]
["14294291416": 40, 45, 33, 20, 22, 23]
["14294231251": 42, 29, 24, 4, 41, 7]
["14294362344": 30, 24, 26, 13, 22, 11]
["14294467142": 12, 11, 21, 9, 17, 38]
["14294311006": 32, 34, 39, 23, 19, 36]
["14294352253": 21, 10, 40, 17, 7, 1]
["14294873032": 13, 40, 4, 37, 16, 32]
["14294360689": 1, 26, 45, 13, 6, 40]
["14294815829": 25, 26, 1, 16, 38, 24]
["14294533280": 20, 24, 25, 15, 36, 17]
["14294198753": 31, 36, 30, 32, 13, 23]
["14294522005": 37, 12, 39, 24, 8, 4]
["14294762379": 6, 42, 30, 10, 34, 35]
["14294786432": 43, 6, 28, 22, 15, 2]
["14294473656": 6, 35, 28, 11, 25, 32]
["14294672943": 22, 6, 43, 29, 10, 41]
["14294458537": 42, 28, 26, 45, 38, 22]
["14294905177": 44, 29, 41, 1, 28, 12]
["14294810579": 37, 42, 10, 13, 5, 7]
["14294592036": 10, 28, 30, 45, 15, 33]
["14294672375": 37, 20, 1, 30, 12, 42]
["14294851022": 28, 10, 4, 14, 38, 27]
["14294629392": 18, 4, 32, 3, 16, 23]
["14294926386": 1, 21, 11, 16, 35, 34]
["14294248829": 31, 13, 1, 11, 37, 43]
["14294934517": 21, 1, 11, 45, 23, 25]
["14294954547": 10, 11, 24, 41, 36, 18]
["14294840913": 24, 16, 14, 44, 5, 26]
["14294469950": 19, 23, 1, 5, 35, 44]
["14294960456": 4, 19, 26, 41, 34, 9]
["14294537708": 7, 16, 14, 31, 39, 37]
["14294950121": 40, 19, 2, 38, 6, 18]
["14294883062": 40, 35, 7, 36, 1, 26]
["14294856632": 20, 29, 21, 8, 9, 44]
["14294780154": 25, 15, 36, 32, 23, 39]
["14294424700": 40, 37, 24, 41, 44, 43]
["14294296970": 16, 4, 30, 31, 36, 37]
["14294793113": 32, 13, 21, 18, 7, 11]
["14294590623": 7, 14, 2, 4, 39, 11]
["14294691173": 41, 34, 37, 2, 26, 43]
["14294883331": 12, 28, 10, 26, 38, 34]
["14294845973": 23, 1, 16, 7, 9, 31]
["14294742203": 29, 27, 14, 30, 28, 13]
["14294887514": 37, 19, 32, 45, 14, 43]
["14294879702": 29, 9, 3, 25, 8, 33]
["14294443826": 41, 42, 21, 4, 23, 29]
["14294343744": 41, 11, 32, 9, 40, 1]
["14294832339": 45, 29, 20, 9, 6, 16]
["14294637696": 45, 17, 43, 42, 26, 39]
["14294170885": 12, 15, 33, 23, 18, 45]
["14294651085": 35, 41, 5, 23, 28, 1]
["14294261420": 31, 35, 41, 11, 38, 23]
["14294193481": 25, 44, 3, 8, 32, 26]
["14294524233": 14, 7, 21, 13, 17, 3]
["14294834419": 20, 40, 4, 41, 25, 2]
["14294997526": 34, 23, 41, 44, 45, 6]
["14294870448": 5, 20, 2, 36, 4, 35]
["14294736950": 7, 25, 8, 29, 34, 9]
["14294247866": 10, 8, 30, 26, 28, 16]
["14294309438": 39, 41, 3, 5, 19, 22]
["14294870453": 20, 15, 41, 19, 7, 44]
["14294624615": 40, 23, 8, 32, 16, 22]
["14294392924": 10, 19, 37, 42, 20, 13]
["14294302708": 23, 12, 31, 17, 34, 7]
["14294819796": 14, 26, 30, 10, 21, 7]
["14294136173": 32, 11, 38, 35, 29, 45]
["14294922415": 30, 42, 33, 32, 14, 35]
["14294690388": 22, 29, 2, 43, 27, 42]
["14294305240": 20, 39, 10, 45, 30, 35]
["14294938674": 15, 11, 28, 29, 27, 36]
["14294313068": 12, 41, 27, 10, 3, 38]
["14294881116": 14, 32, 26, 12, 21, 17]
["14294563434": 36, 27, 20, 42, 30, 31]
["14294895499": 40, 22, 37, 7, 39, 35]
["14294973761": 40, 6, 27, 38, 19, 23]
["14294382759": 2, 14, 34, 8, 32, 33]
["14294626151": 8, 24, 10, 12, 14, 31]
["14294641458": 13, 38, 36, 32, 22, 18]
["14294488751": 4, 34, 11, 26, 40, 9]
["14294211592": 16, 24, 23, 38, 11, 42]
["14294141676": 19, 1, 24, 15, 13, 27]
["14294557411": 27, 45, 28, 24, 34, 8]
["14294775804": 5, 8, 40, 41, 6, 1]
["14294185036": 14, 44, 28, 17, 7, 3]
["14294265724": 14, 5, 26, 35, 40, 25]
["14294562626": 13, 42, 17, 21, 28, 27]
["14294781109": 43, 22, 31, 10, 38, 21]
["14294637441": 44, 38, 2, 6, 36, 35]
["14294597447": 3, 20, 26, 33, 11, 30]
["14294545522": 43, 14, 6, 35, 19, 29]
["14294469264": 19, 11, 9, 7, 25, 23]
["14294267547": 8, 13, 7, 34, 29, 4]
["14294585859": 37, 13, 6, 20, 26, 15]
["14294780618": 9, 2, 30, 28, 29, 26]
["14294807484": 30, 28, 9, 33, 14, 13]
["14294725432": 17, 33, 37, 9, 20, 24]
["14294311753": 24, 17, 23, 45, 27, 5]
["14294223818": 19, 32, 45, 35, 31, 33]
["14294439968": 10, 16, 3, 6, 9, 30]
["14294843651": 38, 7, 16, 15, 33, 5]
["14294753487": 6, 11, 35, 29, 2, 33]
["14294534598": 1, 7, 6, 23, 17, 8]
["14294935196": 45, 25, 5, 30, 40, 17]
["14294821024": 9, 8, 42, 45, 20, 10]
["14294987327": 23, 45, 21, 7, 38, 2]
["14294439333": 33, 34, 9, 28, 6, 17]
["14294436319": 1, 15, 44, 29, 37, 25]
["14294558594": 3, 43, 5, 25, 16, 7]
["14294870175": 3, 8, 13, 44, 41, 21]
["14294643038": 2, 14, 9, 31, 36, 45]
["14294902240": 45, 33, 9, 5, 18, 37]
["14294720057": 45, 15, 12, 32, 17, 43]
["14294793972": 42, 17, 15, 10, 14, 28]
["14294686635": 8, 24, 12, 37, 19, 1]
["14294751970": 36, 5, 30, 15, 28, 21]
["14294302071": 43, 15, 30, 13, 23, 18]
["14294419768": 40, 24, 13, 27, 18, 32]
["14294540287": 43, 27, 16, 24, 37, 15]
["14294892981": 30, 16, 3, 32, 26, 17]
["14294893052": 28, 9, 3, 20, 15, 24]
["14294364378": 27, 11, 23, 32, 25, 37]
["14294411457": 20, 12, 18, 31, 25, 45]
["14294621341": 42, 3, 4, 34, 7, 37]
["14294920913": 20, 31, 25, 14, 24, 19]
["14294657205": 21, 25, 37, 10, 18, 5]
["14294671486": 38, 17, 21, 33, 37, 27]
["14294490884": 14, 6, 20, 4, 7, 5]
["14294746575": 33, 7, 36, 27, 15, 41]
["14294195377": 29, 41, 24, 30, 44, 4]
["14294535189": 19, 33, 7, 43, 23, 17]
["14294365371": 29, 12, 7, 22, 25, 30]
["14294773247": 16, 8, 42, 27, 35, 43]
["14294375095": 45, 24, 25, 37, 21, 44]
["14294981014": 16, 2, 43, 42, 10, 34]
["14294403777": 2, 28, 21, 34, 38, 20]
["14294526605": 43, 36, 18, 20, 10, 39]
["14294443609": 37, 14, 25, 7, 26, 30]
["14294277707": 39, 35, 45, 8, 12, 17]
["14294857276": 21, 9, 2, 26, 15, 45]
["14294222782": 15, 1, 40, 11, 17, 19]
["14294634861": 28, 22, 7, 11, 37, 45]
["14294145745": 2, 10, 5, 36, 8, 24]
["14294920936": 4, 31, 2, 34, 38, 39]
["14294943216": 33, 16, 24, 21, 2, 15]
["14294717282": 27, 33, 12, 25, 39, 35]
["14294426560": 38, 27, 31, 3, 30, 1]
["14294206432": 19, 24, 23, 27, 29, 4]
["14294687826": 32, 1, 23, 27, 9, 7]
["14294502298": 31, 39, 34, 4, 1, 16]
["14294237801": 10, 44, 11, 31, 2, 9]
["14294629379": 34, 40, 12, 20, 3, 19]
["14294235211": 33, 36, 45, 23, 28, 3]
["14294246731": 9, 25, 38, 11, 36, 28]
["14294400832": 30, 14, 28, 15, 26, 12]
["14294573351": 28, 9, 19, 44, 33, 5]
["14294482657": 27, 9, 3, 44, 25, 12]
["14294860197": 41, 40, 5, 19, 32, 4]
["14294251618": 3, 31, 21, 34, 2, 8]
["14294419694": 7, 4, 19, 9, 43, 45]
["14294218667": 5, 9, 32, 22, 14, 44]
["14294885908": 31, 19, 34, 44, 17, 9]
["14294341785": 37, 22, 28, 6, 4, 9]
["14294223334": 40, 8, 31, 5, 2, 15]
["14294257414": 22, 23, 11, 15, 6, 34]
["14294233985": 35, 29, 32, 42, 5, 30]
["14294413543": 4, 35, 14, 5, 7, 27]
["14294551620": 1, 11, 30, 41, 42, 7]
["14294249634": 32, 4, 7, 12, 1, 16]
["14294915614": 20, 39, 21, 24, 42, 12]
["14294519822": 42, 36, 24, 21, 17, 16]
["14294998319": 42, 18, 37, 17, 23, 2]
["14294308143": 38, 11, 23, 13, 12, 2]
["14294609306": 38, 1, 5, 32, 39, 14]
["14294601448": 19, 2, 12, 16, 42, 38]
["14294181407": 43, 36, 41, 21, 35, 14]
["14294185171": 3, 44, 33, 13, 30, 45]
["14294389958": 42, 12, 7, 27, 16, 20]
["14294588175": 7, 20, 17, 33, 39, 37]
["14294786635": 5, 37, 7, 27, 8, 38]
["14294550233": 41, 16, 42, 9, 6, 17]
["14294644224": 8, 21, 5, 32, 44, 16]
["14294788139": 30, 15, 18, 23, 13, 22]
["14294443196": 11, 12, 21, 9, 38, 17]
["14294740595": 17, 44, 3, 35, 19, 28]
["14294613505": 20, 3, 39, 30, 8, 15]
["14294366613": 7, 26, 23, 20, 36, 35]
["14294779009": 33, 15, 30, 18, 22, 40]
["14294317012": 16, 12, 27, 31, 3, 34]
["14294177128": 16, 28, 34, 17, 24, 15]
["14294547502": 18, 38, 12, 17, 9, 28]
["14294775561": 30, 35, 11, 44, 29, 33]
["14294597267": 12, 38, 9, 11, 4, 2]
["14294362578": 35, 41, 10, 36, 45, 32]
["14294577969": 14, 31, 11, 24, 8, 19]
["14294383483": 36, 7, 44, 42, 1, 33]
["14294701730": 44, 3, 39, 32, 12, 36]
["14294331307": 4, 23, 14, 11, 19, 12]
["14294394841": 19, 25, 20, 36, 35, 41]
["14294471552": 20, 4, 25, 23, 37, 27]
["14294328008": 16, 26, 4, 32, 37, 8]
["14294153529": 15, 12, 20, 30, 38, 43]
["14294429072": 38, 3, 12, 6, 33, 8]
["14294717060": 21, 28, 33, 12, 30, 11]
["14294148790": 7, 44, 9, 30, 32, 15]
["14294746383": 43, 28, 42, 22, 8, 24]
["14294529065": 34, 11, 8, 12, 38, 1]
["14294512139": 34, 42, 11, 7, 26, 5]
["14294727940": 26, 41, 20, 37, 39, 28]
["14294679297": 16, 8, 15, 29, 28, 38]
["14294668879": 7, 23, 9, 24, 25, 12]
["14294934112": 21, 36, 32, 45, 22, 16]
["14294449834": 6, 10, 20, 15, 24, 8]
["14294644198": 16, 33, 9, 20, 21, 31]
["14294634326": 30, 43, 33, 42, 18, 9]
["14294539167": 28, 1, 2, 32, 13, 45]
["14294662688": 18, 13, 26, 1, 14, 32]
["14294860237": 17, 14, 27, 18, 21, 26]
["14294779359": 7, 13, 9, 43, 30, 2]
["14294213003": 38, 34, 40, 30, 13, 11]
["14294526663": 22, 21, 13, 12, 3, 16]
["14294885621": 12, 5, 18, 14, 44, 24]
["14294752393": 34, 22, 45, 26, 21, 37]
["14294766438": 19, 28, 22, 38, 29, 7]
["14294176531": 8, 24, 21, 5, 30, 6]
["14294956843": 16, 33, 26, 20, 5, 38]
["14294602295": 40, 30, 2, 35, 36, 25]
["14294547626": 13, 10, 34, 43, 39, 7]
["14294156755": 22, 16, 33, 31, 9, 13]
["14294988708": 1, 2, 40, 39, 37, 25]
["14294809947": 18, 21, 39, 42, 33, 13]
["14294272112": 9, 2, 29, 13, 30, 16]
["14294773492": 2, 3, 12, 39, 5, 43]
["14294942945": 24, 1, 39, 33, 43, 44]
["14294514822": 17, 9, 2, 6, 44, 27]
["14294130009": 4, 34, 45, 36, 26, 22]
["14294414092": 21, 30, 9, 14, 38, 44]
["14294977906": 1, 29, 42, 4, 31, 25]
["14294952781": 38, 35, 24, 17, 3, 34]
["14294630737": 23, 26, 5, 24, 33, 45]
["14294602950": 20, 5, 11, 33, 31, 34]
["14294593318": 13, 43, 26, 10, 29, 18]
["14294593747": 44, 29, 4, 23, 36, 37]
["14294524860": 7, 13, 16, 8, 33, 29]
["14294906041": 36, 15, 1, 37, 20, 41]
["14294769804": 28, 31, 16, 45, 25, 15]
["14294487136": 10, 37, 16, 12, 15, 41]
["14294404112": 42, 15, 9, 11, 30, 38]
["14294980256": 28, 16, 25, 35, 39, 23]
["14294358210": 14, 23, 24, 6, 40, 41]
["14294391174": 33, 26, 25, 22, 36, 1]
["14294495667": 1, 5, 13, 9, 42, 21]
["14294415935": 41, 21, 45, 12, 20, 3]
["14294598549": 31, 12, 30, 43, 8, 44]
["14294255136": 33, 37, 36, 41, 45, 4]
["14294742993": 26, 12, 42, 22, 4, 30]
["14294400998": 7, 29, 31, 19, 41, 9]
["14294703919": 36, 27, 32, 3, 1, 28]
["14294190742": 40, 11, 2, 30, 5, 21]
["14294869919": 44, 21, 3, 35, 36, 34]
["14294748412": 32, 1, 41, 7, 23, 12]
["14294747062": 20, 37, 24, 23, 18, 30]
["14294224906": 33, 20, 21, 38, 5, 37]
["14294198653": 14, 32, 7, 30, 13, 44]
["14294794071": 12, 25, 42, 22, 13, 19]
["14294520506": 23, 4, 43, 41, 11, 1]
["14294499986": 11, 39, 16, 15, 27, 12]
["14294966242": 37, 45, 43, 39, 40, 16]
["14294862784": 41, 18, 35, 11, 3, 17]
["14294798311": 16, 35, 8, 17, 7, 27]
["14294510425": 38, 40, 3, 18, 36, 41]
["14294859048": 30, 21, 32, 29, 40, 14]
["14294911431": 30, 5, 31, 42, 40, 3]
["14294996683": 23, 31, 3, 8, 41, 19]
["14294193023": 21, 23, 28, 3, 2, 15]
["14294760362": 20, 44, 7, 13, 37, 32]
["14294439373": 9, 45, 42, 26, 27, 18]
["14294913570": 21, 43, 24, 12, 29, 8]
["14294450238": 17, 20, 32, 2, 33, 42]
["14294558068": 38, 11, 14, 4, 30, 19]
["14294992611": 9, 12, 43, 34, 18, 6]
["14294765207": 30, 36, 4, 11, 32, 21]
["14294603689": 19, 10, 17, 20, 38, 4]
["14294834955": 15, 42, 45, 28, 12, 2]
["14294291646": 25, 10, 45, 31, 14, 42]
["14294628187": 41, 27, 2, 26, 33, 31]
["14294372307": 13, 20, 43, 19, 17, 42]
["14294639876": 39, 25, 2, 31, 38, 28]
["14294590493": 20, 40, 43, 24, 38, 10]
["14294172016": 26, 23, 29, 45, 15, 41]
["14294225163": 7, 20, 41, 8, 10, 33]
["14294617409": 21, 2, 29, 39, 15, 26]
["14294433763": 3, 28, 1, 13, 39, 29]
["14294210077": 6, 28, 26, 39, 12, 9]
["14294349037": 4, 7, 21, 45, 40, 27]
["14294610226": 37, 2, 33, 27, 31, 43]
["14294921556": 25, 8, 37, 18, 20, 26]
["14294303603": 9, 32, 4, 26, 15, 25]
["14294548889": 18, 27, 28, 15, 8, 43]
["14294344964": 14, 37, 28, 6, 7, 21]
["14294353521": 17, 3, 42, 24, 43, 6]
["14294145044": 18, 28, 29, 1, 17, 20]
["14294868075": 44, 42, 4, 13, 32, 3]
["14294677601": 10, 26, 1, 2, 37, 14]
["14294833557": 10, 42, 40, 19, 31, 12]
["14294338110": 27, 42, 3, 29, 37, 21]
["14294362897": 43, 10, 16, 20, 8, 42]
["14294726976": 25, 37, 20, 7, 8, 29]
["14294588970": 42, 33, 23, 16, 35, 25]
["14294284588": 22, 17, 41, 34, 27, 28]
["14294879230": 25, 18, 30, 45, 28, 29]
["14294770747": 5, 28, 10, 11, 14, 27]
["14294654707": 43, 10, 39, 8, 14, 41]
["14294687704": 22, 30, 37, 15, 18, 6]
["14294735151": 34, 23, 25, 7, 24, 16]
["14294681418": 27, 38, 5, 4, 9, 40]
["14294739584": 38, 17, 15, 3, 26, 36]
["14294402473": 20, 8, 42, 13, 19, 44]
["14294874970": 3, 22, 24, 6, 38, 25]
["14294320518": 17, 41, 44, 18, 30, 19]
["14294620294": 29, 1, 33, 8, 10, 12]
["14294492842": 39, 16, 32, 10, 26, 4]
["14294774118": 2, 30, 15, 45, 36, 33]
["14294259297": 5, 1, 19, 12, 2, 18]
["14294485311": 37, 9, 30, 35, 20, 22]
["14294830627": 29, 33, 40, 24, 27, 14]
["14294191145": 38, 24, 33, 26, 6, 44]
["14294269847": 29, 43, 19, 26, 41, 42]
["14294576681": 42, 26, 12, 34, 22, 15]
["14294143731": 5, 17, 43, 7, 32, 33]
["14294314891": 19, 34, 22, 41, 45, 20]
["14294450991": 28, 35, 11, 32, 4, 2]
["14294748849": 6, 42, 19, 24, 33, 28]
["14294421171": 26, 10, 33, 44, 21, 2]
["14294304906": 13, 2, 11, 43, 12, 14]
["14294788517": 7, 42, 36, 30, 14, 10]
["14294404148": 24, 31, 45, 9, 25, 42]
["14294863971": 13, 42, 19, 9, 1, 18]
["14294343899": 43, 16, 32, 24, 35, 6]
["14294550647": 15, 8, 1, 34, 17, 5]
["14294677795": 9, 40, 23, 22, 42, 31]
["14294835089": 6, 28, 2, 25, 35, 9]
["14294250279": 22, 10, 33, 41, 5, 7]
["14294726129": 5, 28, 31, 22, 32, 20]
["14294183374": 28, 30, 15, 25, 35, 6]
["14294572536": 35, 40, 34, 16, 30, 26]
["14294481048": 34, 17, 38, 39, 23, 31]
["14294569510": 36, 45, 44, 24, 33, 8]
["14294272271": 17, 18, 44, 20, 36, 8]
["14294975402": 11, 3, 17, 40, 19, 21]
["14294665134": 10, 21, 5, 39, 43, 40]
["14294915595": 36, 16, 28, 25, 9, 8]
["14294963029": 32, 1, 8, 11, 45, 20]
["14294534230": 31, 17, 6, 30, 20, 34]
["14294132085": 30, 24, 28, 18, 20, 27]
["14294999496": 25, 4, 8, 19, 35, 3]
["14294441692": 29, 28, 44, 33, 7, 9]
["14294181176": 42, 36, 31, 27, 5, 25]
["14294285913": 45, 42, 9, 11, 13, 40]
["14294848795": 21, 36, 18, 32, 10, 28]
["14294613667": 12, 37, 1, 36, 24, 23]
["14294892462": 41, 43, 39, 11, 33, 9]
["14294865367": 41, 35, 13, 37, 34, 14]
["14294153021": 44, 4, 18, 32, 2, 30]
["14294350030": 22, 32, 8, 3, 39, 34]
["14294805330": 18, 1, 9, 41, 33, 20]
["14294712802": 3, 27, 40, 16, 45, 20]
["14294995917": 16, 23, 6, 22, 3, 32]
["14294402160": 18, 12, 41, 9, 25, 34]
["14294659035": 36, 2, 34, 16, 15, 32]
["14294834124": 45, 27, 9, 6, 29, 23]
["14294463567": 9, 40, 5, 6, 32, 24]
["14294350005": 37, 6, 31, 40, 16, 39]
["14294576967": 18, 13, 9, 11, 3, 26]
["14294923766": 11, 34, 36, 17, 7, 37]
["14294245966": 34, 20, 25, 10, 36, 26]
["14294441960": 36, 17, 40, 33, 27, 22]
["14294650585": 32, 35, 39, 11, 10, 1]
["14294832372": 3, 5, 14, 20, 40, 18]
["14294289681": 17, 39, 24, 13, 28, 40]
["14294981545": 6, 21, 31, 24, 25, 26]
["14294757753": 44, 5, 11, 30, 15, 25]
["14294600352": 45, 2, 37, 24, 5, 42]
["14294538782": 19, 40, 31, 12, 30, 14]
["14294610731": 28, 7, 17, 31, 12, 14]
["14294245268": 1, 40, 24, 43, 28, 27]
["14294247435": 8, 45, 42, 36, 28, 43]
["14294517766": 25, 43, 17, 36, 37, 34]
["14294168358": 5, 13, 37, 9, 34, 20]
["14294470896": 5, 13, 10, 4, 31, 17]
["14294325423": 34, 36, 19, 4, 42, 27]
["14294233695": 31, 15, 40, 6, 12, 45]
["14294882717": 4, 13, 18, 42, 12, 27]
["14294977473": 41, 14, 22, 27, 36, 13]
["14294857961": 11, 12, 13, 5, 3, 26]
["14294765379": 21, 24, 34, 38, 29, 3]
["14294633307": 39, 41, 30, 22, 23, 5]
["14294573136": 34, 24, 41, 14, 45, 10]
["14294989351": 38, 23, 25, 15, 28, 14]
["14294384749": 20, 28, 17, 10, 24, 6]
["14294515099": 18, 33, 43, 29, 27, 28]
["14294184322": 6, 30, 41, 32, 8, 7]
["14294682818": 30, 6, 42, 41, 17, 31]
["14294583409": 29, 38, 9, 16, 4, 15]
["14294729416": 39, 20, 33, 5, 6, 38]
["14294714977": 26, 25, 12, 41, 19, 37]
["14294680470": 3, 2, 31, 12, 16, 9]
["14294934475": 1, 26, 31, 15, 12, 16]
["14294963957": 3, 6, 42, 25, 23, 45]
["14294446340": 42, 30, 20, 7, 5, 10]
["14294814701": 29, 41, 18, 20, 15, 27]
["14294136165": 37, 13, 30, 20, 26, 2]
["14294422187": 12, 2, 38, 45, 4, 44]
["14294535800": 34, 38, 11, 14, 27, 23]
["14294456045": 13, 43, 18, 4, 45, 22]
["14294330516": 39, 11, 37, 6, 14, 28]
["14294282018": 41, 22, 5, 34, 15, 38]
["14294958877": 8, 17, 32, 37, 15, 31]
["14294495247": 44, 3, 21, 17, 18, 36]
["14294846186": 40, 25, 38, 8, 36, 3]
["14294810644": 17, 36, 6, 14, 30, 1]
["14294723254": 19, 5, 31, 29, 15, 4]
["14294278486": 43, 27, 8, 32, 17, 9]
["14294557338": 17, 30, 12, 37, 35, 39]
["14294845155": 11, 30, 17, 19, 41, 42]
["14294747477": 15, 17, 34, 37, 45, 38]
["14294509975": 27, 28, 35, 2, 6, 25]
["14294175598": 33, 20, 2, 28, 24, 13]
["14294198003": 4, 12, 27, 24, 14, 3]
["14294271600": 34, 19, 38, 2, 20, 6]
["14294896678": 20, 40, 39, 42, 38, 25]
["14294579403": 15, 16, 23, 43, 9, 2]
["14294635143": 2, 10, 20, 41, 9, 22]
["14294492332": 6, 9, 2, 1, 33, 17]
["14294946791": 13, 1, 7, 16, 38, 10]
["14294876710": 2, 16, 5, 26, 18, 29]
["14294778077": 27, 30, 8, 13, 10, 6]
["14294987637": 30, 10, 27, 38, 35, 11]
["14294507103": 19, 39, 26, 37, 38, 28]
["14294277389": 38, 41, 40, 32, 18, 42]
["14294728632": 28, 15, 30, 38, 37, 1]
["14294146488": 45, 39, 21, 41, 12, 20]
["14294497385": 30, 2, 24, 44, 16, 37]
["14294445539": 34, 5, 43, 32, 7, 12]
["14294998364": 13, 41, 12, 8, 25, 39]
["14294887395": 23, 11, 30, 45, 43, 32]
["14294462447": 15, 2, 30, 19, 24, 26]
["14294922692": 22, 7, 8, 23, 35, 44]
["14294672897": 41, 20, 14, 13, 1, 31]
["14294853788": 27, 34, 10, 36, 7, 6]
["14294550364": 33, 14, 27, 9, 19, 15]
["14294368741": 18, 1, 4, 37, 30, 44]
["14294756681": 42, 17, 37, 11, 21, 29]
["14294576072": 44, 18, 10, 28, 35, 39]
["14294821228": 18, 25, 29, 11, 32, 41]
["14294991478": 37, 44, 13, 12, 15, 45]
["14294847112": 3, 38, 33, 18, 5, 10]
["14294710787": 40, 19, 42, 39, 1, 21]
["14294254986": 25, 19, 6, 1, 27, 26]
["14294463443": 36, 41, 32, 34, 25, 4]
["14294491531": 14, 19, 23, 31, 44, 10]
["14294752670": 29, 39, 23, 31, 13, 17]
["14294277769": 9, 29, 19, 21, 18, 14]
["14294708212": 15, 36, 31, 37, 3, 4]
["14294998842": 18, 42, 38, 30, 15, 13]
["14294734230": 12, 29, 38, 30, 36, 19]
["14294803768": 25, 38, 4, 45, 41, 21]
["14294243655": 24, 30, 4, 19, 23, 34]
["14294258364": 7, 16, 11, 42, 17, 35]
["14294909299": 19, 28, 11, 29, 20, 3]
["14294159351": 3, 4, 33, 34, 22, 12]
["14294860999": 24, 9, 7, 32, 22, 39]
["14294927460": 20, 4, 43, 35, 13, 17]
["14294935033": 14, 42, 33, 35, 9, 10]
["14294224596": 28, 24, 8, 11, 12, 42]
["14294258655": 5, 2, 7, 45, 38, 13]
["14294862753": 44, 37, 9, 13, 38, 5]
["14294518118": 32, 38, 26, 21, 2, 28]
["14294693167": 12, 42, 24, 2, 4, 39]
["14294777138": 45, 35, 34, 43, 11, 27]
["14294136921": 26, 40, 20, 34, 29, 9]
["14294216954": 42, 41, 36, 5, 4, 29]
["14294881968": 25, 17, 24, 39, 14, 12]
["14294685789": 36, 8, 15, 39, 22, 24]
["14294266957": 6, 35, 24, 9, 26, 23]
["14294449689": 21, 31, 36, 32, 4, 25]
["14294339885": 17, 31, 42, 30, 16, 28]
["14294447110": 31, 2, 13, 15, 34, 20]
["14294325068": 33, 25, 35, 38, 29, 15]
["14294570978": 41, 16, 4, 35, 2, 34]
["14294945117": 36, 42, 19, 11, 35, 38]
["14294820052": 25, 24, 7, 23, 14, 34]
["14294764463": 21, 11, 33, 13, 32, 10]
["14294165804": 29, 34, 2, 12, 18, 30]
["14294425561": 2, 41, 42, 10, 19, 43]
["14294170198": 1, 38, 6, 28, 29, 3]
["14294470510": 24, 33, 36, 5, 18, 26]
["14294603879": 9, 45, 29, 3, 7, 2]
["14294981167": 15, 8, 12, 5, 32, 18]
["14294628191": 31, 28, 9, 1, 25, 23]
["14294881327": 34, 22, 28, 10, 37, 33]
["14294237273": 10, 41, 26, 5, 7, 16]
["14294968918": 16, 21, 38, 36, 25, 30]
["14294697101": 4, 30, 32, 13, 12, 23]
["14294558378": 42, 18, 36, 27, 34, 12]
["14294971834": 36, 21, 4, 34, 30, 43]
["14294402276": 36, 11, 33, 3, 38, 12]
["14294480548": 6, 16, 28, 39, 8, 26]
["14294464013": 4, 15, 20, 31, 26, 41]
["14294922366": 36, 9, 32, 29, 26, 45]
["14294236186": 36, 5, 3, 45, 6, 15]
["14294343348": 20, 27, 32, 19, 38, 40]
["14294283857": 44, 2, 39, 8, 9, 36]
["14294517890": 12, 17, 26, 2, 22, 32]
["14294186433": 37, 2, 30, 27, 35, 25]
["14294385055": 11, 35, 21, 20, 36, 25]
["14294751027": 5, 41, 21, 37, 3, 9]
["14294942841": 44, 39, 30, 23, 22, 17]
["14294531624": 25, 22, 41, 32, 3, 13]
["14294893014": 10, 38, 8, 32, 40, 13]
["14294162237": 30, 33, 24, 42, 12, 2]
["14294175055": 34, 37, 15, 7, 32, 24]
["14294311016": 34, 32, 28, 31, 21, 24]
["14294548188": 45, 16, 20, 6, 17, 12]
["14294220835": 44, 41, 30, 43, 35, 7]
["14294344836": 10, 7, 45, 24, 4, 15]
["14294967071": 13, 21, 39, 34, 22, 25]
["14294483042": 22, 8, 26, 21, 13, 20]
["14294422391": 30, 36, 39, 33, 10, 17]
["14294762025": 9, 3, 41, 10, 7, 14]
["14294495268": 3, 32, 17, 40, 11, 20]
["14294614950": 21, 44, 17, 36, 35, 22]
["14294761957": 16, 44, 1, 2, 3, 37]
["14294906438": 2, 38, 1, 39, 9, 42]
["14294572444": 25, 42, 10, 24, 1, 44]
["14294257677": 16, 35, 3, 20, 28, 29]
["14294402842": 21, 13, 42, 4, 39, 22]
["14294963922": 28, 33, 35, 12, 27, 21]
["14294732062": 16, 36, 41, 20, 33, 30]
["14294146404": 21, 38, 2, 45, 10, 6]
["14294341984": 7, 32, 33, 3, 38, 16]
["14294292229": 5, 2, 6, 29, 3, 23]
["14294905437": 28, 6, 19, 24, 27, 16]
["14294426759": 6, 21, 30, 13, 23, 25]
["14294227659": 29, 16, 40, 7, 36, 24]
["14294992801": 13, 44, 28, 2, 1, 38]
["14294977342": 43, 31, 3, 30, 45, 39]
["14294173529": 7, 6, 4, 43, 10, 31]
["14294771109": 33, 15, 23, 26, 5, 30]
["14294347199": 38, 5, 14, 33, 32, 44]
["14294772770": 38, 16, 39, 8, 11, 1]
["14294968583": 44, 10, 12, 36, 22, 13]
["14294582174": 2, 35, 45, 24, 43, 9]
["14294812877": 33, 21, 39, 25, 36, 13]
["14294217539": 11, 10, 13, 40, 39, 2]
["14294758791": 5, 41, 8, 27, 9, 7]
["14294485502": 3, 36, 8, 30, 20, 24]
["14294682327": 18, 31, 24, 11, 28, 17]
["14294150204": 43, 23, 32, 1, 22, 17]
["14294456940": 24, 5, 21, 1, 31, 44]
["14294617039": 19, 37, 38, 10, 12, 21]
["14294968722": 3, 44, 39, 13, 25, 7]
["14294376256": 27, 4, 45, 2, 40, 3]
["14294728734": 27, 44, 38, 41, 3, 40]
["14294145705": 42, 11, 6, 14, 1, 27]
["14294394478": 16, 18, 12, 6, 43, 31]
["14294680878": 3, 16, 31, 13, 10, 39]
["14294753243": 42, 36, 6, 13, 14, 10]
["14294771282": 3, 43, 13, 45, 25, 16]
["14294617791": 18, 42, 7, 22, 15, 6]
["14294965057": 3, 36, 44, 22, 18, 7]
["14294134370": 12, 4, 14, 31, 34, 2]
["14294669655": 21, 24, 20, 14, 32, 30]
["14294372390": 37, 33, 32, 12, 8, 44]
["14294164888": 28, 35, 39, 8, 9, 44]
["14294515803": 18, 2, 34, 20, 4, 5]
["14294678039": 12, 7, 14, 16, 20, 3]
["14294871636": 7, 31, 36, 9, 16, 37]
["14294863053": 5, 37, 7, 16, 35, 10]
["14294898986": 43, 10, 34, 2, 8, 4]
["14294278809": 34, 23, 8, 18, 16, 36]
["14294512034": 12, 5, 17, 13, 44, 28]
["14294582355": 16, 45, 24, 22, 15, 31]
["14294210008": 39, 22, 32, 7, 12, 30]
["14294817062": 11, 32, 7, 33, 14, 41]
["14294914350": 8, 34, 43, 29, 20, 5]
["14294366718": 15, 1, 21, 7, 44, 2]
["14294528224": 3, 44, 18, 41, 20, 16]
["14294165909": 9, 38, 36, 23, 41, 11]
["14294983297": 30, 43, 12, 39, 42, 7]
["14294518396": 39, 10, 28, 41, 32, 12]
["14294569447": 16, 5, 31, 12, 3, 20]
["14294790393": 20, 6, 17, 34, 28, 39]
["14294910932": 4, 15, 31, 30, 42, 40]
["14294501266": 20, 29, 8, 32, 33, 7]
["14294392873": 2, 23, 4, 13, 39, 17]
["14294229635": 19, 20, 34, 40, 11, 39]
["14294923809": 24, 11, 30, 10, 26, 35]
["14294910083": 11, 37, 34, 13, 26, 28]
["14294669344": 43, 26, 11, 35, 40, 28]
["14294483656": 11, 44, 35, 27, 24, 12]
["14294997145": 25, 19, 14, 37, 11, 43]
["14294474859": 34, 26, 10, 6, 21, 23]
["14294986507": 41, 9, 5, 1, 20, 23]
["14294384278": 34, 3, 32, 7, 40, 36]
["14294512850": 45, 9, 19, 2, 23, 20]
["14294244432": 38, 21, 4, 33, 43, 11]
["14294746889": 42, 8, 11, 43, 37, 41]
["14294916498": 7, 39, 35, 18, 10, 11]
["14294816793": 32, 36, 1, 15, 43, 28]
["14294576314": 38, 1, 29, 41, 36, 20]
["14294829895": 9, 39, 41, 20, 27, 35]
["14294935397": 43, 12, 40, 28, 31, 37]
["14294431972": 40, 11, 13, 5, 14, 8]
["14294493349": 39, 14, 44, 40, 41, 42]
["14294563123": 41, 5, 21, 37, 14, 15]
["14294996467": 28, 21, 41, 25, 6, 39]
["14294265775": 37, 12, 6, 45, 19, 38]
["14294300206": 24, 21, 41, 13, 29, 30]
["14294824279": 15, 12, 32, 43, 38, 21]
["14294887590": 45, 2, 27, 20, 37, 19]
["14294493175": 33, 43, 4, 13, 22, 8]
["14294357500": 28, 39, 24, 20, 38, 5]
["14294507418": 20, 17, 21, 5, 8, 39]
["14294368002": 7, 38, 14, 33, 35, 37]
["14294341726": 33, 40, 16, 38, 5, 1]
["14294189422": 26, 4, 15, 34, 40, 5]
["14294293759": 12, 22, 30, 43, 41, 6]
["14294922807": 17, 25, 22, 26, 42, 39]
["14294419426": 6, 41, 42, 3, 25, 34]
["14294341372": 11, 27, 45, 34, 39, 4]
["14294155077": 14, 26, 43, 4, 24, 22]
["14294144628": 41, 14, 23, 16, 32, 27]
["14294151664": 6, 35, 12, 29, 17, 24]
["14294528290": 3, 5, 44, 39, 12, 45]
["14294393333": 5, 22, 3, 31, 2, 38]
["14294569645": 25, 20, 4, 28, 39, 34]
["14294706583": 34, 5, 37, 3, 2, 43]
["14294218958": 11, 20, 15, 8, 38, 13]
["14294267050": 40, 8, 14, 23, 5, 25]
["14294805260": 5, 2, 41, 38, 43, 19]
["14294179800": 36, 24, 27, 28, 9, 4]
["14294251350": 19, 36, 1, 44, 20, 15]
["14294411243": 32, 5, 6, 39, 44, 26]
["14294949427": 11, 6, 24, 27, 35, 7]
["14294828354": 35, 41, 1, 31, 10, 20]
["14294669247": 4, 43, 17, 7, 21, 9]
["14294199398": 35, 22, 14, 7, 40, 4]
["14294497364": 30, 24, 39, 3, 28, 32]
["14294438978": 34, 19, 11, 26, 8, 40]
["14294549938": 25, 43, 11, 37, 12, 10]
["14294549427": 29, 44, 23, 43, 18, 17]
["14294385998": 40, 8, 20, 13, 32, 10]
["14294215784": 19, 40, 27, 32, 7, 9]
["14294363756": 12, 3, 45, 8, 17, 18]
["14294304852": 38, 43, 35, 20, 26, 36]
["14294156320": 27, 6, 33, 7, 22, 14]
["14294767897": 8, 31, 12, 2, 11, 4]
["14294658547": 18, 16, 6, 3, 14, 25]
["14294980338": 32, 39, 36, 20, 44, 28]
["14294706814": 33, 9, 32, 12, 40, 8]
["14294193520": 25, 26, 29, 18, 36, 39]
["14294913027": 23, 2, 44, 43, 19, 28]
["14294636572": 31, 32, 39, 20, 44, 2]
["14294383791": 14, 27, 2, 11, 41, 25]
["14294623707": 10, 8, 37, 43, 12, 17]
["14294867547": 8, 45, 38, 15, 44, 37]
["14294564596": 31, 3, 43, 25, 21, 42]
["14294574420": 3, 32, 29, 18, 24, 25]
["14294687220": 41, 34, 40, 6, 20, 35]
["14294444224": 42, 32, 3, 29, 36, 43]
["14294251797": 8, 22, 41, 5, 28, 23]
["14294347379": 29, 37, 22, 16, 2, 36]
["14294225063": 35, 25, 5, 29, 20, 13]
["14294601652": 39, 8, 5, 3, 15, 11]
["14294412295": 44, 13, 41, 45, 9, 2]
["14294383196": 13, 24, 5, 3, 26, 29]
["14294595949": 37, 2, 24, 18, 12, 14]
["14294994185": 29, 26, 41, 16, 15, 27]
["14294829968": 19, 26, 14, 17, 3, 28]
["14294676469": 33, 8, 6, 4, 37, 35]
["14294993073": 45, 17, 3, 25, 34, 44]
["14294215887": 30, 14, 4, 9, 34, 12]
["14294147605": 13, 44, 10, 21, 31, 7]
["14294745913": 39, 23, 12, 14, 45, 30]
["14294391637": 20, 2, 43, 10, 44, 8]
["14294464565": 13, 26, 38, 2, 35, 37]
["14294407813": 39, 7, 37, 4, 8, 19]
["14294592267": 1, 33, 39, 35, 11, 43]
["14294903805": 23, 41, 4, 21, 27, 6]
["14294879201": 21, 40, 44, 36, 29, 24]
["14294612540": 40, 22, 38, 30, 32, 16]
["14294762773": 31, 35, 41, 8, 28, 37]
["14294963113": 37, 36, 32, 38, 10, 14]
["14294201412": 42, 32, 33, 36, 31, 4]
["14294578388": 42, 31, 38, 27, 12, 25]
["14294267785": 26, 31, 25, 41, 5, 6]
["14294868858": 43, 38, 15, 26, 19, 34]
["14294390240": 43, 36, 28, 22, 7, 41]
["14294483316": 16, 4, 25, 12, 43, 19]
["14294772088": 33, 15, 7, 13, 19, 40]
["14294407865": 3, 18, 37, 10, 43, 5]
["14294996833": 22, 24, 12, 37, 8, 15]
["14294237228": 33, 13, 22, 25, 19, 41]
["14294349704": 26, 37, 8, 12, 34, 14]
["14294713241": 16, 19, 17, 45, 10, 43]
["14294312518": 14, 16, 32, 2, 28, 12]
["14294624853": 42, 8, 45, 38, 35, 24]
["14294980830": 32, 44, 2, 33, 38, 18]
["14294773758": 32, 4, 11, 41, 24, 27]
["14294667353": 18, 25, 39, 13, 34, 35]
["14294424694": 20, 28, 33, 11, 17, 18]
["14294548488": 30, 13, 10, 44, 6, 26]
["14294857978": 9, 2, 32, 43, 20, 21]
["14294603637": 10, 21, 1, 45, 24, 38]
["14294822549": 15, 3, 5, 7, 31, 29]
["14294566249": 21, 36, 28, 8, 1, 41]
["14294939246": 44, 28, 20, 18, 36, 31]
["14294979465": 24, 45, 19, 30, 29, 7]
["14294127583": 33, 37, 38, 11, 13, 23]
["14294519518": 26, 29, 14, 13, 9, 19]
["14294514584": 30, 36, 6, 41, 39, 34]
["14294919052": 25, 29, 14, 44, 18, 38]
["14294275911": 14, 24, 23, 42, 44, 11]
["14294892627": 29, 19, 45, 37, 39, 35]
["14294527872": 23, 42, 24, 16, 20, 27]
["14294522208": 7, 39, 24, 10, 37, 25]
["14294727199": 44, 37, 30, 2, 43, 6]
["14294255402": 20, 30, 25, 24, 33, 40]
["14294399667": 23, 45, 15, 32, 28, 24]
["14294807781": 40, 8, 7, 13, 17, 30]
["14294921841": 25, 27, 32, 44, 28, 16]
["14294146818": 11, 22, 20, 41, 33, 31]
["14294496628": 15, 33, 39, 24, 34, 21]
["14294824932": 25, 43, 20, 12, 42, 23]
["14294609617": 30, 43, 2, 9, 8, 34]
["14294964376": 1, 7, 27, 11, 17, 24]
["14294671565": 23, 24, 44, 32, 36, 22]
["14294539355": 20, 9, 3, 30, 44, 29]
["14294469447": 25, 35, 7, 20, 13, 1]
["14294142611": 36, 15, 35, 18, 43, 1]
["14294609719": 7, 24, 10, 23, 27, 11]
["14294748378": 41, 12, 21, 7, 43, 25]
["14294552915": 13, 38, 40, 22, 16, 23]
["14294817212": 22, 7, 12, 45, 30, 21]
["14294866639": 1, 19, 10, 28, 37, 43]
["14294512053": 32, 24, 28, 4, 43, 21]
["14294935060": 28, 6, 39, 40, 13, 24]
["14294882690": 18, 12, 40, 38, 43, 45]
["14294437464": 32, 3, 33, 5, 2, 37]
["14294998671": 44, 35, 20, 23, 40, 34]
["14294724742": 1, 31, 23, 11, 20, 38]
["14294426970": 26, 38, 44, 35, 10, 19]
["14294908681": 21, 34, 31, 25, 20, 3]
["14294995085": 45, 32, 22, 1, 12, 39]
["14294229042": 4, 35, 30, 19, 15, 29]
["14294722129": 16, 32, 23, 5, 2, 35]
["14294384866": 18, 6, 16, 25, 27, 32]
["14294700213": 30, 26, 36, 35, 28, 14]
["14294925804": 43, 32, 40, 1, 33, 26]
["14294515622": 39, 22, 27, 29, 2, 8]
["14294165361": 40, 24, 4, 31, 11, 33]
["14294449990": 23, 29, 35, 25, 7, 42]
["14294747657": 44, 5, 45, 22, 26, 39]
["14294261308": 33, 24, 9, 41, 39, 6]
["14294231144": 3, 11, 34, 33, 1, 42]
["14294142819": 19, 36, 33, 42, 32, 22]
["14294991945": 13, 39, 12, 22, 5, 17]
["14294619798": 15, 20, 9, 14, 1, 6]
["14294172925": 4, 44, 25, 38, 24, 5]
["14294265673": 44, 14, 30, 18, 42, 25]
["14294703168": 1, 37, 12, 16, 13, 23]
["14294973440": 1, 14, 43, 37, 25, 18]
["14294539138": 12, 13, 23, 18, 25, 7]
["14294654764": 29, 36, 39, 18, 11, 32]
["14294587503": 2, 16, 32, 26, 31, 37]
["14294247545": 22, 32, 29, 36, 1, 30]
["14294800107": 25, 17, 11, 41, 23, 32]
["14294995734": 35, 19, 33, 12, 9, 7]
["14294805082": 5, 12, 41, 2, 8, 43]
["14294199164": 2, 38, 33, 14, 15, 26]
["14294836782": 2, 9, 1, 22, 34, 3]
["14294609830": 3, 38, 27, 18, 22, 21]
["14294246707": 24, 38, 40, 35, 32, 37]
["14294166872": 18, 19, 9, 34, 28, 29]
["14294236149": 41, 1, 8, 18, 15, 39]
["14294910249": 27, 6, 25, 1, 31, 28]
["14294651317": 9, 21, 17, 41, 1, 36]
["14294711642": 17, 11, 40, 29, 35, 32]
["14294912959": 16, 13, 3, 34, 4, 24]
["14294550350": 9, 40, 17, 24, 45, 2]
["14294635150": 14, 29, 31, 4, 1, 45]
["14294709282": 1, 40, 45, 42, 39, 35]
["14294473838": 41, 20, 4, 15, 29, 14]
["14294239825": 10, 45, 37, 42, 39, 19]
["14294537656": 6, 26, 42, 29, 34, 23]
["14294138364": 11, 37, 27, 17, 34, 4]
["14294569044": 23, 21, 5, 8, 20, 1]
["14294449702": 7, 28, 14, 18, 9, 38]
["14294236435": 43, 32, 13, 29, 22, 19]
["14294594237": 18, 28, 22, 8, 42, 32]
["14294890165": 11, 44, 41, 42, 16, 9]
["14294195734": 8, 12, 27, 32, 23, 22]
["14294590418": 40, 42, 43, 9, 27, 17]
["14294187053": 32, 18, 41, 22, 20, 19]
["14294781309": 1, 33, 43, 16, 10, 17]
["14294952358": 4, 43, 24, 35, 39, 32]
["14294149383": 22, 8, 41, 40, 29, 42]
["14294603635": 14, 21, 13, 2, 31, 37]
["14294640032": 30, 1, 29, 21, 28, 42]
["14294997020": 35, 8, 30, 39, 34, 6]
["14294399387": 42, 45, 25, 11, 28, 39]
["14294899046": 43, 44, 42, 16, 11, 13]
["14294433347": 35, 21, 34, 41, 22, 3]
["14294902024": 1, 7, 5, 11, 19, 39]
["14294901745": 5, 23, 13, 18, 37, 8]
["14294290704": 7, 10, 43, 24, 34, 3]
["14294511448": 40, 1, 7, 28, 12, 33]
["14294647611": 11, 29, 25, 34, 21, 15]
["14294228140": 42, 12, 16, 30, 32, 23]
["14294322143": 42, 23, 10, 34, 11, 45]
["14294922125": 11, 43, 24, 15, 1, 44]
["14294558202": 15, 42, 19, 39, 30, 24]
["14294199217": 10, 16, 21, 13, 32, 44]
["14294228428": 23, 37, 39, 9, 1, 8]
["14294148690": 3, 25, 28, 31, 21, 1]
["14294483571": 38, 15, 33, 26, 10, 43]
["14294558799": 18, 20, 45, 9, 3, 36]
["14294560632": 22, 19, 32, 15, 42, 41]
["14294477930": 12, 17, 26, 21, 36, 45]
["14294830670": 8, 30, 36, 44, 11, 37]
["14294256421": 2, 40, 3, 17, 16, 26]
["14294545317": 19, 17, 1, 38, 15, 33]
["14294249072": 4, 35, 34, 2, 20, 27]
["14294277238": 40, 3, 28, 12, 11, 19]
["14294761009": 35, 38, 20, 39, 21, 22]
["14294609414": 17, 31, 25, 18, 8, 1]
["14294669838": 43, 2, 1, 24, 45, 7]
["14294738201": 42, 36, 43, 12, 33, 6]
["14294191251": 26, 35, 33, 30, 10, 37]
["14294433501": 2, 17, 26, 31, 45, 21]
["14294166001": 4, 29, 2, 18, 21, 35]
["14294570160": 42, 2, 36, 27, 31, 9]
["14294370906": 14, 44, 29, 35, 40, 38]
["14294616300": 22, 14, 9, 8, 5, 4]
["14294968933": 11, 30, 23, 35, 3, 13]
["14294176507": 9, 13, 7, 26, 8, 36]
["14294825295": 33, 4, 26, 40, 13, 14]
["14294622331": 39, 41, 7, 24, 42, 22]
["14294507558": 43, 36, 23, 29, 4, 22]
["14294883084": 7, 10, 29, 23, 37, 14]
["14294435968": 35, 23, 16, 27, 43, 19]
["14294693632": 17, 23, 22, 33, 32, 38]
["14294658428": 18, 4, 10, 26, 43, 16]
["14294772342": 16, 22, 15, 40, 8, 10]
["14294572835": 23, 33, 41, 22, 19, 30]
["14294196611": 1, 20, 42, 45, 26, 25]
["14294952201": 36, 17, 8, 25, 21, 41]
["14294263421": 21, 40, 26, 14, 32, 4]
["14294634979": 32, 44, 19, 17, 30, 39]
["14294129245": 30, 40, 24, 41, 11, 42]
["14294878696": 45, 37, 6, 33, 1, 36]
["14294968784": 2, 11, 36, 35, 13, 21]
["14294850098": 30, 21, 42, 24, 9, 3]
["14294253848": 15, 17, 4, 27, 7, 19]
["14294813965": 5, 39, 12, 9, 6, 1]
["14294846608": 31, 13, 7, 12, 40, 39]
["14294994419": 30, 41, 35, 21, 11, 42]
["14294350660": 41, 25, 35, 27, 9, 32]
["14294732887": 22, 16, 34, 7, 29, 15]
["14294896788": 31, 7, 13, 23, 3, 44]
["14294705481": 4, 15, 19, 43, 1, 37]
["14294944860": 17, 44, 32, 20, 33, 19]
["14294480438": 12, 2, 39, 19, 25, 13]
["14294736872": 24, 38, 23, 9, 28, 12]
["14294577384": 9, 21, 28, 43, 11, 38]
["14294767413": 34, 38, 15, 1, 27, 40]
["14294791849": 28, 3, 44, 21, 35, 25]
["14294751090": 22, 19, 15, 30, 14, 21]
["14294305637": 45, 4, 34, 37, 26, 39]
["14294921848": 30, 38, 32, 40, 41, 36]
["14294513507": 44, 6, 16, 36, 37, 22]
["14294311717": 9, 2, 1, 32, 19, 30]
["14294591509": 30, 5, 45, 39, 15, 10]
["14294905674": 42, 16, 30, 18, 44, 13]
["14294229142": 17, 1, 29, 2, 40, 12]
["14294219818": 16, 9, 32, 33, 22, 25]
["14294408792": 4, 5, 14, 3, 35, 1]
["14294203409": 38, 41, 44, 13, 7, 4]
["14294983195": 44, 34, 40, 30, 24, 16]
["14294483870": 18, 30, 22, 40, 38, 15]
["14294552550": 12, 24, 18, 34, 16, 20]
["14294499746": 4, 3, 23, 41, 44, 39]
["14294391840": 5, 17, 8, 7, 4, 39]
["14294508524": 12, 17, 31, 32, 40, 44]
["14294979930": 17, 10, 43, 42, 22, 31]
["14294390675": 12, 39, 31, 1, 29, 25]
["14294815287": 44, 29, 34, 25, 45, 43]
["14294816392": 5, 23, 32, 44, 21, 27]
["14294689870": 9, 37, 21, 11, 24, 34]
["14294820625": 5, 18, 8, 38, 26, 9]
["14294672418": 5, 36, 7, 32, 12, 25]
["14294690858": 36, 30, 16, 38, 13, 28]
["14294696609": 43, 15, 44, 3, 1, 10]
["14294539684": 20, 34, 12, 19, 14, 25]
["14294750748": 29, 23, 41, 40, 13, 8]
["14294751370": 26, 40, 21, 45, 28, 5]
["14294392363": 44, 33, 12, 9, 34, 7]
["14294482589": 21, 3, 16, 20, 7, 37]
